8000 8000 3200 1600
8000 8000 3200 3200
8000 8000 3200 3200
8000 8000 3200 3200
8000 8000 3200 3200
8000 8000 3200 3200
33000 8000 3200 3200
8000 8000 3200 3200
8000 8000 3200 3200
33040 33040 24280 7160
8000 8000 3200 3200
8000 8000 3200 3200
8000 8000 3200 3200
8000 8000 3200 3200
8000 8000 3200 3200
78200 60640 38400 20640
25480 8000 3200 3200
8000 8000 3200 3200
8000 8000 3200 3200
8000 8000 3200 3200
8000 8000 3200 3200
8000 8000 3200 3200
8000 8000 3200 3200
8000 8000 3200 3200
8000 8000 3200 3200
8000 8000 3200 3200
8000 8000 3200 3200
8000 8000 3200 3200
8000 8000 3200 3200
8000 8000 3200 3200
8000 8000 3200 3200
33120 33120 7160 24360
8000 8000 3200 3200
8000 8000 3200 3200
8000 8000 3200 3200
78360 60760 38480 20680
25520 8000 3200 3200
8000 8000 3200 3200
8000 8000 3200 3200
8000 8000 3200 3200
8000 8000 3200 3200
8000 8000 3200 3200
8000 8000 3200 3200
8000 8000 3200 3200
8000 8000 3200 3200
8000 8000 3200 3200
8000 8000 3200 3200
8000 8000 3200 3200
8000 8000 3200 3200
8000 8000 3200 3200
8000 8000 3200 3200
33040 33040 3200 28240
8000 8000 3200 3200
8000 8000 3200 3200
8000 8000 3200 3200
78360 60760 38480 20680
25520 8000 3200 3200
8000 8000 3200 3200
8000 8000 3200 3200
33080 8000 3200 3200
8000 8000 3200 3200
8000 8000 3200 3200
8000 8000 3200 3200
8000 8000 3200 3200
8000 8000 3200 3200
8000 8000 3200 3200
33000 8000 3200 3200
8000 8000 3200 3200
8000 8000 3200 3200
33040 33040 24280 7160
8000 8000 3200 3200
8000 8000 3200 3200
8000 8000 3200 3200
8000 8000 3200 3200
8000 8000 3200 3200
78360 60760 38480 20680
25520 8000 3200 3200
8000 8000 3200 3200
8000 8000 3200 3200
8000 8000 3200 3200
8000 8000 3200 3200
8000 8000 3200 3200
8000 8000 3200 3200
8000 8000 3200 3200
8000 8000 3200 3200
8000 8000 3200 3200
8000 8000 3200 3200
8000 8000 3200 3200
8000 8000 3200 3200
8000 8000 3200 3200
8000 8000 3200 3200
33120 33120 7160 24360
8000 8000 3200 3200
8000 8000 3200 3200
8000 8000 3200 3200
8000 8000 3200 3200
95880 60760 38480 20680
8000 8000 3200 3200
8000 8000 3200 3200
8000 8000 3200 3200
8000 8000 3200 3200
8000 8000 3200 3200
8000 8000 3200 3200
8000 8000 3200 3200
8000 8000 3200 3200
8000 8000 3200 3200
8000 8000 3200 3200
8000 8000 3200 3200
8000 8000 3200 3200
8000 8000 3200 3200
8000 8000 3200 3200
33040 33040 3200 28240
8000 8000 3200 3200
8000 8000 3200 3200
8000 8000 3200 3200
8000 8000 3200 3200
95880 60760 38480 20680
8000 8000 3200 3200
8000 8000 3200 3200
33080 8000 3200 3200
8000 8000 3200 3200
8000 8000 3200 3200
8000 8000 3200 3200
8000 8000 3200 3200
8000 8000 3200 3200
8000 8000 3200 3200
33000 8000 3200 3200
8000 8000 3200 3200
8000 8000 3200 3200
33040 33040 24280 7160
8000 8000 3200 3200
8000 8000 3200 3200
8000 8000 3200 3200
8000 8000 3200 3200
8000 8000 3200 3200
8000 8000 3200 3200
89840 60760 38480 20680
14040 8000 3200 3200
8000 8000 3200 3200
8000 8000 3200 3200
8000 8000 3200 3200
8000 8000 3200 3200
8000 8000 3200 3200
8000 8000 3200 3200
8000 8000 3200 3200
8000 8000 3200 3200
8000 8000 3200 3200
8000 8000 3200 3200
8000 8000 3200 3200
8000 8000 3200 3200
8000 8000 3200 3200
33120 33120 7160 24360
8000 8000 3200 3200
8000 8000 3200 3200
8000 8000 3200 3200
8000 8000 3200 3200
78360 60760 38480 20680
25520 8000 3200 3200
8000 8000 3200 3200
8000 8000 3200 3200
8000 8000 3200 3200
8000 8000 3200 3200
8000 8000 3200 3200
8000 8000 3200 3200
8000 8000 3200 3200
8000 8000 3200 3200
8000 8000 3200 3200
8000 8000 3200 3200
8000 8000 3200 3200
8000 8000 3200 3200
8000 8000 3200 3200
33040 33040 3200 28240
8000 8000 3200 3200
8000 8000 3200 3200
8000 8000 3200 3200
8000 8000 3200 3200
78360 60760 38480 20680
25520 8000 3200 3200
8000 8000 3200 3200
40440 8000 3200 3200
8000 8000 3200 3200
24200 8000 3200 3200
27120 27120 8000 17520
17360 12680 5640 5440
414165600 195032840 435080 194596160
1202115280 514498600 911160 514639040
1697814000 855578240 1576620 852948080
2152573480 1064041400 1935500 1062105280
2193743800 1095079680 2015960 1094563220
2155184040 1141548800 2102760 1137941100
1451574120 767681560 1421960 766258000
125520 52760 8000 43160
754155560 376348320 628960 375717760
1696395120 847592440 1579360 846011480
1792731320 896471560 1776640 894693320
1917434600 958740720 1949120 957632560
67346080 35038800 143360 34051280
25520 8000 3200 3200
8000 8000 3200 3200
50640 8000 3200 3200
10284240 8000 3200 3200
96200 8000 3200 3200
8000 8000 3200 3200
167311560 83665040 83450200 213240
109720 46440 33240 11600
60120 60120 34240 24280
8613800 8588120 4303280 4283240
8000 8000 3200 3200
8000 8000 3200 3200
8000 8000 3200 3200
8000 8000 3200 3200
33120 33120 7160 24360
8000 8000 3200 3200
8000 8000 3200 3200
8000 8000 3200 3200
8000 8000 3200 3200
78360 60760 38480 20680
25520 8000 3200 3200
8000 8000 3200 3200
8000 8000 3200 3200
31960 31960 3200 27160
25280 25280 3200 20480
10240 10240 3200 5440
108640 108640 3200 103840
8000 8000 3200 3200
8000 8000 3200 3200
8000 8000 3200 3200
15600 15600 3200 10800
8000 8000 3200 3200
8000 8000 3200 3200
8000 8000 3200 3200
33040 33040 3200 28240
8000 8000 3200 3200
8000 8000 3200 3200
8000 8000 3200 3200
35840 35840 13560 20680
146800 129200 64000 63600
41200 23680 10320 11760
10240 10240 3200 5440
33080 8000 3200 3200
8000 8000 3200 3200
8000 8000 3200 3200
8000 8000 3200 3200
68440 68440 25760 41080
96240 96240 82840 11800
24600 24600 17560 5440
368797840 368772840 368768040 3200
547049480 547049480 547044680 3200
682427000 683388920 684193280 3200
716115480 715153560 714335640 7160
740354360 740354360 740349560 3200
738822120 738822120 738817320 3200
755767040 755767040 755762240 3200
753125160 753125160 753120360 3200
325726360 325726360 325721560 3200
10240 10240 5440 3200
80280 62680 38480 22600
25520 8000 3200 3200
8000 8000 3200 3200
8000 8000 3200 3200
8000 8000 3200 3200
8000 8000 3200 3200
8000 8000 3200 3200
8000 8000 3200 3200
8000 8000 3200 3200
8000 8000 3200 3200
8000 8000 3200 3200
4355600 4355600 4329520 24480
5282920 5282920 5239000 42320
12480 12480 5440 5440
8000 8000 3200 3200
33120 33120 7160 24360
8000 8000 3200 3200
8000 8000 3200 3200
8000 8000 3200 3200
8000 8000 3200 3200
80280 62680 38480 22600
25520 8000 3200 3200
8000 8000 3200 3200
8000 8000 3200 3200
8000 8000 3200 3200
8000 8000 3200 3200
8000 8000 3200 3200
8000 8000 3200 3200
8000 8000 3200 3200
8000 8000 3200 3200
8000 8000 3200 3200
8000 8000 3200 3200
8000 8000 3200 3200
8000 8000 3200 3200
8000 8000 3200 3200
33040 33040 3200 28240
8000 8000 3200 3200
8000 8000 3200 3200
8000 8000 3200 3200
8000 8000 3200 3200
80280 62680 38480 22600
25520 8000 3200 3200
8000 8000 3200 3200
33080 8000 3200 3200
8000 8000 3200 3200
8000 8000 3200 3200
8000 8000 3200 3200
8000 8000 3200 3200
8000 8000 3200 3200
8000 8000 3200 3200
33000 8000 3200 3200
8000 8000 3200 3200
8000 8000 3200 3200
33040 33040 24280 7160
8000 8000 3200 3200
8000 8000 3200 3200
8000 8000 3200 3200
8000 8000 3200 3200
8000 8000 3200 3200
8000 8000 3200 3200
60880 43280 34680 7000
58360 40840 11800 27440
49400 49400 23160 24640
10240 10240 3200 5440
8000 8000 3200 3200
8000 8000 3200 3200
8000 8000 3200 3200
8000 8000 3200 3200
8000 8000 3200 3200
8000 8000 3200 3200
8000 8000 3200 3200
8000 8000 3200 3200
8000 8000 3200 3200
8000 8000 3200 3200
8000 8000 3200 3200
33120 33120 7160 24360
8000 8000 3200 3200
8000 8000 3200 3200
8000 8000 3200 3200
8000 8000 3200 3200
60880 43280 34680 7000
46240 28720 7000 20120
8000 8000 3200 3200
8000 8000 3200 3200
8000 8000 3200 3200
8000 8000 3200 3200
8000 8000 3200 3200
8000 8000 3200 3200
8000 8000 3200 3200
12480 12480 5440 5440
8000 8000 3200 3200
8000 8000 3200 3200
10240 10240 5440 3200
10240 10240 5440 3200
8000 8000 3200 3200
33040 33040 3200 28240
8000 8000 3200 3200
8000 8000 3200 3200
8000 8000 3200 3200
392960 392960 9240 382120
68240 43280 34680 7000
57160 8000 3200 3200
10240 8000 3200 3200
133800 8000 3200 3200
8000 8000 3200 3200
8000 8000 3200 3200
8000 8000 3200 3200
15600 8000 3200 3200
8000 8000 3200 3200
8000 8000 3200 3200
33000 8000 3200 3200
8000 8000 3200 3200
8000 8000 3200 3200
33040 33040 24280 7160
8000 8000 3200 3200
35840 8000 3200 3200
55560 8000 3200 3200
10240 8000 3200 3200
10240 10240 5440 3200
26240 26240 7760 16880
173560 43280 34680 7000
56040 8000 3200 3200
10240 8000 3200 3200
8000 8000 3200 3200
8000 8000 3200 3200
8000 8000 3200 3200
8000 8000 3200 3200
8000 8000 3200 3200
8000 8000 3200 3200
8000 8000 3200 3200
8000 8000 3200 3200
8000 8000 3200 3200
8000 8000 3200 3200
8000 8000 3200 3200
8000 8000 3200 3200
33120 33120 7160 24360
8000 8000 3200 3200
8000 8000 3200 3200
8000 8000 3200 3200
25480 25480 7000 16880
43280 43280 34680 7000
45000 8000 3200 3200
80040 8000 3200 3200
77880 8000 3200 3200
59970160 8000 3200 3200
23773760 8000 3200 3200
8000 8000 3200 3200
8000 8000 3200 3200
8000 8000 3200 3200
8000 8000 3200 3200
8000 8000 3200 3200
8000 8000 3200 3200
8000 8000 3200 3200
8000 8000 3200 3200
8000 8000 3200 3200
33040 33040 3200 28240
8000 8000 3200 3200
8000 8000 3200 3200
8000 8000 3200 3200
25480 25480 7000 16880
43280 43280 34680 7000
45000 8000 3200 3200
8000 8000 3200 3200
33080 8000 3200 3200
8000 8000 3200 3200
8000 8000 3200 3200
8000 8000 3200 3200
12480 12480 3200 7680
8000 8000 3200 3200
8000 8000 3200 3200
33000 8000 3200 3200
8000 8000 3200 3200
8000 8000 3200 3200
33040 33040 24280 7160
8000 8000 3200 3200
8000 8000 3200 3200
8000 8000 3200 3200
8000 8000 3200 3200
8000 8000 3200 3200
29960 29960 9240 19120
43280 43280 34680 7000
50880 12480 5440 5440
8000 8000 3200 3200
8000 8000 3200 3200
8000 8000 3200 3200
8000 8000 3200 3200
8000 8000 3200 3200
8000 8000 3200 3200
8000 8000 3200 3200
8000 8000 3200 3200
40360 8000 3200 3200
29160 8000 3200 3200
10240 8000 3200 3200
8000 8000 3200 3200
8000 8000 3200 3200
33120 33120 7160 24360
8000 8000 3200 3200
8000 8000 3200 3200
8000 8000 3200 3200
25480 25480 7000 16880
43280 43280 34680 7000
46400 8000 3200 3200
8000 8000 3200 3200
8000 8000 3200 3200
8000 8000 3200 3200
8000 8000 3200 3200
8000 8000 3200 3200
8000 8000 3200 3200
8000 8000 3200 3200
8000 8000 3200 3200
8000 8000 3200 3200
8000 8000 3200 3200
12480 12480 5440 5440
8000 8000 3200 3200
8000 8000 3200 3200
33040 33040 3200 28240
8000 8000 3200 3200
8000 8000 3200 3200
8000 8000 3200 3200
25480 25480 7000 16880
8000 8000 3200 3200
81680 43280 34680 7000
8000 8000 3200 3200
33080 8000 3200 3200
8000 8000 3200 3200
12480 8000 3200 3200
36440 8000 3200 3200
42360 8000 3200 3200
15520 8000 3200 3200
21840 8000 3200 3200
46040 8000 3200 3200
8000 8000 3200 3200
8000 8000 3200 3200
33040 33040 24280 7160
21040 8000 3200 3200
8000 8000 3200 3200
8000 8000 3200 3200
8000 8000 3200 3200
8000 8000 3200 3200
25480 25480 7000 16880
8000 8000 3200 3200
81760 43280 34680 7000
103120 8000 3200 3200
8000 8000 3200 3200
8000 8000 3200 3200
309120 263560 175520 86440
14720 12480 3200 7680
360720 243360 113680 128080
8000 8000 3200 3200
8000 8000 3200 3200
8000 8000 3200 3200
39760 27680 5440 20640
8000 8000 3200 3200
8000 8000 3200 3200
8000 8000 3200 3200
33120 33120 7160 24360
8000 8000 3200 3200
8000 8000 3200 3200
8000 8000 3200 3200
21840 8000 3200 3200
160280 125080 40880 82600
167720 102440 69640 31200
29680 10240 5440 3200
8000 8000 3200 3200
8000 8000 3200 3200
398840 268560 3200 263760
2690080 37440 3200 32640
815438320 302236960 3200 302232160
1270551880 597684720 3200 597679920
1390465520 641819420 3200 643216520
1321352480 624089660 3200 622682960
1523178640 808089920 3200 808783760
1530003320 790472880 3200 789769440
1592572160 805083360 3200 805078560
1562295200 810938920 3200 810935160
898860560 1054432200 3200 248901720
721162120 1510701560 3200 5440
771668200 1364905640 3200 3200
737565720 1475897480 3200 3200
230549160 1065405640 3200 3200
29640 34240 7000 18800
69920 47080 38480 7000
27440 8000 3200 3200
33080 8000 3200 3200
15360 15360 5760 8000
24600 24600 7680 15320
35400 35400 14880 18920
142040 114640 105360 7680
8820120 4429960 3200 4425160
10615320 94046960 5165360 5377840
117600 83668720 5760 83000
126120 64160 24320 36000
693640 520840 202360 316880
33040 33040 24280 7160
8000 8000 3200 3200
8000 8000 3200 3200
31840 31840 12640 17600
103160 103160 14880 86680
29880 29880 20600 7680
100600 100600 23880 75120
30600 30600 7000 22000
76960 50880 42280 7000
29360 8000 3200 3200
12480 8000 3200 3200
8000 8000 3200 3200
8000 8000 3200 3200
8000 8000 3200 3200
8000 8000 3200 3200
8000 8000 3200 3200
8000 8000 3200 3200
8000 8000 3200 3200
8000 8000 3200 3200
8000 8000 3200 3200
8000 8000 3200 3200
8000 8000 3200 3200
37600 33120 7160 24360
12480 8000 3200 3200
8000 8000 3200 3200
8000 8000 3200 3200
8000 8000 3200 3200
30600 30600 7000 22000
76960 50880 42280 7000
29360 8000 3200 3200
8000 8000 3200 3200
8000 8000 3200 3200
8000 8000 3200 3200
8000 8000 3200 3200
8000 8000 3200 3200
15360 15360 8000 5760
47520 47520 31040 14880
124240 124240 15040 107600
51000 51000 41080 8320
313800 313800 181240 130960
157800 133840 19520 112720
250920 87960 50360 36000
280640 160520 26280 132640
71520 67040 54880 10560
88720 88720 24360 62760
73400 38000 17400 19000
150080 91040 31960 57480
171120 147480 80600 65280
207760 181680 152400 27680
155880 134520 105880 27040
290360 265280 124560 139120
187560 159240 77040 80600
326680 164360 72960 89800
280200 120360 5440 113320
216960 100760 3200 95960
8000 8000 3200 3200
8000 8000 3200 3200
33000 8000 3200 3200
15440 8000 3200 3200
14360 8000 3200 3200
33040 33040 24280 7160
8000 8000 3200 3200
8000 8000 3200 3200
8000 8000 3200 3200
8000 8000 3200 3200
8000 8000 3200 3200
8000 8000 3200 3200
31960 31960 7000 23360
83600 56160 47560 7000
31840 8000 3200 3200
6995120 5247760 1759440 3486720
2333280 1750720 865600 883520
8000 8000 3200 3200
8000 8000 3200 3200
8000 8000 3200 3200
14720 10240 3200 5440
16960 16960 5440 9920
10240 16960 5440 3200
331440 230080 82320 143920
65960 53320 33160 18560
892880 657240 183120 472520
196720 185040 122920 60520
33120 33120 7160 24360
8000 8000 3200 3200
697200 486080 192960 291520
263760 231360 117120 112640
8000 8000 3200 3200
31960 31960 7000 23360
83600 56160 47560 7000
31840 8000 3200 3200
8000 8000 3200 3200
8000 8000 3200 3200
8000 8000 3200 3200
8000 8000 3200 3200
8000 8000 3200 3200
8000 8000 3200 3200
8000 8000 3200 3200
8000 8000 3200 3200
12480 8000 3200 3200
8000 8000 3200 3200
8000 8000 3200 3200
8000 8000 3200 3200
42000 44240 5440 32720
8000 8000 3200 3200
8000 8000 3200 3200
8000 8000 3200 3200
8000 8000 3200 3200
31960 31960 7000 23360
83600 56160 47560 7000
31840 8000 3200 3200
33080 8000 3200 3200
8000 8000 3200 3200
8000 8000 3200 3200
8000 8000 3200 3200
8000 8000 3200 3200
8000 8000 3200 3200
8000 8000 3200 3200
33000 8000 3200 3200
8000 8000 3200 3200
21000 8000 3200 3200
33040 33040 24280 7160
8000 8000 3200 3200
8000 8000 3200 3200
8000 8000 3200 3200
8000 8000 3200 3200
8000 8000 3200 3200
8000 8000 3200 3200
31960 31960 7000 23360
59720 32280 23680 7000
55960 32040 27240 3200
8000 8000 3200 3200
8000 8000 3200 3200
8000 8000 3200 3200
8000 8000 3200 3200
8000 8000 3200 3200
8000 8000 3200 3200
8000 8000 3200 3200
8000 8000 3200 3200
8000 8000 3200 3200
8000 8000 3200 3200
8000 8000 3200 3200
8000 8000 3200 3200
33120 33120 7160 24360
8000 8000 3200 3200
8000 8000 3200 3200
8000 8000 3200 3200
8000 8000 3200 3200
31960 31960 7000 23360
59720 32280 23680 7000
55960 32040 27240 3200
8000 8000 3200 3200
8000 8000 3200 3200
8000 8000 3200 3200
8000 8000 3200 3200
8000 8000 3200 3200
8000 8000 3200 3200
8000 8000 3200 3200
8000 8000 3200 3200
8000 8000 3200 3200
8000 8000 3200 3200
8000 8000 3200 3200
8000 8000 3200 3200
33040 33040 3200 28240
8000 8000 3200 3200
8000 8000 3200 3200
8000 8000 3200 3200
8000 8000 3200 3200
49880 45400 11480 32320
44400 12480 5440 5440
80240 56320 47720 7000
33080 8000 3200 3200
8000 8000 3200 3200
8000 8000 3200 3200
8000 8000 3200 3200
8000 8000 3200 3200
8000 8000 3200 3200
8000 8000 3200 3200
33000 8000 3200 3200
8000 8000 3200 3200
21000 8000 3200 3200
30800 30800 24280 7160
10240 10240 3200 3200
8000 8000 3200 3200
8000 8000 3200 3200
8000 8000 3200 3200
8000 8000 3200 3200
8000 8000 3200 3200
31960 31960 7000 23360
8000 8000 3200 3200
107680 56320 47720 7000
8000 8000 3200 3200
8000 8000 3200 3200
8000 8000 3200 3200
8000 8000 3200 3200
8000 8000 3200 3200
8000 8000 3200 3200
16960 12480 3200 7680
12480 12480 3200 7680
8000 8000 3200 3200
8000 8000 3200 3200
8000 8000 3200 3200
8000 8000 3200 3200
33120 33120 7160 24360
8000 8000 3200 3200
8000 8000 3200 3200
8000 8000 3200 3200
8000 8000 3200 3200
31960 31960 7000 23360
8000 8000 3200 3200
107680 56320 47720 7000
8000 8000 3200 3200
8000 8000 3200 3200
8000 8000 3200 3200
8000 8000 3200 3200
8000 8000 3200 3200
8000 8000 3200 3200
8000 8000 3200 3200
22720 22720 17920 3200
329960 329960 325160 3200
141480 141480 136680 3200
173880 173880 169080 3200
10240 10240 5440 3200
33040 33040 3200 28240
8000 8000 3200 3200
8000 8000 3200 3200
32160 32160 12640 17920
32160 32160 12640 17920
300120 300120 13720 284800
8000 8000 3200 3200
455400 404040 92560 309880
194680 169600 136160 31840
550920 550920 147000 402320
573400 573400 3200 568600
326120 326120 15760 308760
314680 314680 286520 26560
10240 10240 3200 5440
8000 8000 3200 3200
33000 8000 3200 3200
8000 8000 3200 3200
21000 8000 3200 3200
33040 33040 24280 7160
8000 8000 3200 3200
8000 8000 3200 3200
8000 8000 3200 3200
8000 8000 3200 3200
8000 8000 3200 3200
8000 8000 3200 3200
31960 31960 7000 23360
8000 8000 3200 3200
83760 56320 47720 7000
31920 8000 3200 3200
8000 8000 3200 3200
8000 8000 3200 3200
8000 8000 3200 3200
8000 8000 3200 3200
8000 8000 3200 3200
8000 8000 3200 3200
8000 8000 3200 3200
8000 8000 3200 3200
8000 8000 3200 3200
8000 8000 3200 3200
8000 8000 3200 3200
33120 33120 7160 24360
8000 8000 3200 3200
8000 8000 3200 3200
8000 8000 3200 3200
8000 8000 3200 3200
31960 31960 7000 23360
8000 8000 3200 3200
83760 56320 47720 7000
31920 8000 3200 3200
8000 8000 3200 3200
32160 32160 17920 12640
296360 296360 277640 17120
32120 32120 17880 12640
302920 302920 284200 17120
8000 8000 3200 3200
32080 8000 3200 3200
583960 8000 3200 3200
32120 8000 3200 3200
139240 8000 3200 3200
10240 8000 3200 3200
190640 33040 3200 28240
44360 42120 3200 37320
8000 8000 3200 3200
8000 8000 3200 3200
8000 8000 3200 3200
31960 31960 7000 23360
8000 8000 3200 3200
83760 56320 47720 7000
57000 8000 3200 3200
8000 8000 3200 3200
8000 8000 3200 3200
8000 8000 3200 3200
8000 8000 3200 3200
8000 8000 3200 3200
8000 8000 3200 3200
33000 8000 3200 3200
8000 8000 3200 3200
21000 8000 3200 3200
33040 33040 24280 7160
8000 8000 3200 3200
190400 8000 3200 3200
305840 8000 3200 3200
163440 8000 3200 3200
10240 8000 3200 3200
8000 8000 3200 3200
31960 31960 7000 23360
8000 8000 3200 3200
9315040 6888400 2442560 4444240
4706040 3698240 1598960 2097680
205040 205040 178040 25400
241880 217400 49800 166000
32520 32520 27720 3200
8000 8000 3200 3200
8000 8000 3200 3200
8000 8000 3200 3200
8000 8000 3200 3200
8000 8000 3200 3200
8000 8000 3200 3200
28640 28640 13520 13520
18320 18320 13520 3200
33120 33120 7160 24360
8000 8000 3200 3200
8000 8000 3200 3200
8000 8000 3200 3200
152640 152640 145600 5440
34240 34240 7040 25600
8000 8000 3200 3200
83760 56320 47720 7000
686880 662960 293400 367960
8000 8000 3200 3200
80240 80240 5440 73200
8000 8000 3200 3200
8000 8000 3200 3200
894120 869600 318560 549440
8000 8000 3200 3200
8000 8000 3200 3200
8000 8000 3200 3200
8000 8000 3200 3200
368760 8000 3200 3200
878120 875880 3200 871080
33040 33040 3200 28240
8000 8000 3200 3200
80240 8000 3200 3200
8000 8000 3200 3200
407000 407000 223400 182000
361080 361080 115920 243560
10240 10240 5440 3200
192560 165120 47720 115800
347200 298200 3200 293400
8000 8000 3200 3200
80240 80240 73200 5440
115080 115080 3200 110280
400720 400720 10760 388360
1168600 1168600 655920 511080
879360 879360 187080 690680
33000 8000 3200 3200
8000 8000 3200 3200
1029880 1016880 287440 727840
1447280 1012440 493280 517560
116760 8000 3200 3200
1424440 1129760 400680 727480
804600 804600 579440 223560
115080 115080 5440 108040
514240 514240 328400 184240
982160 768040 398400 368040
140800 140800 9280 129920
219400 219400 204800 13000
190920 163480 47720 114160
140720 116800 3200 112000
116800 116800 112000 3200
8000 8000 3200 3200
8000 8000 3200 3200
8000 8000 3200 3200
8000 8000 3200 3200
8000 8000 3200 3200
8000 8000 3200 3200
8000 8000 3200 3200
8000 8000 3200 3200
8000 8000 3200 3200
8000 8000 3200 3200
33120 33120 7160 24360
8000 8000 3200 3200
8000 8000 3200 3200
8000 8000 3200 3200
8000 8000 3200 3200
8000 8000 3200 3200
32000 32000 7040 23360
83880 56400 47760 7040
31960 8000 3200 3200
8000 8000 3200 3200
8000 8000 3200 3200
8000 8000 3200 3200
8000 8000 3200 3200
8000 8000 3200 3200
8000 8000 3200 3200
8000 8000 3200 3200
8000 8000 3200 3200
8000 8000 3200 3200
8000 8000 3200 3200
8000 8000 3200 3200
33040 33040 3200 28240
8000 8000 3200 3200
8000 8000 3200 3200
8000 8000 3200 3200
8000 8000 3200 3200
8000 8000 3200 3200
32000 32000 7040 23360
83880 56400 47760 7040
57040 8000 3200 3200
8000 8000 3200 3200
8000 8000 3200 3200
8000 8000 3200 3200
8000 8000 3200 3200
8000 8000 3200 3200
8000 8000 3200 3200
33000 8000 3200 3200
8000 8000 3200 3200
21000 8000 3200 3200
33040 33040 24280 7160
8000 8000 3200 3200
8000 8000 3200 3200
8000 8000 3200 3200
8000 8000 3200 3200
8000 8000 3200 3200
8000 8000 3200 3200
8000 8000 3200 3200
32000 32000 7040 23360
83880 56400 47760 7040
31960 8000 3200 3200
282920 282920 267320 14000
8000 8000 3200 3200
8000 8000 3200 3200
282840 282840 267240 14000
8000 8000 3200 3200
282840 282840 14000 267240
282880 8000 3200 3200
282840 282840 278040 3200
8000 8000 3200 3200
8000 8000 3200 3200
8000 8000 3200 3200
33120 33120 7160 24360
8000 8000 3200 3200
8000 8000 3200 3200
8000 8000 3200 3200
8000 8000 3200 3200
8000 8000 3200 3200
32000 32000 7040 23360
83880 56400 47760 7040
31960 8000 3200 3200
8000 8000 3200 3200
8000 8000 3200 3200
8000 8000 3200 3200
8000 8000 3200 3200
8000 8000 3200 3200
8000 8000 3200 3200
8000 8000 3200 3200
8000 8000 3200 3200
8000 8000 3200 3200
8000 8000 3200 3200
8000 8000 3200 3200
33040 33040 3200 28240
8000 8000 3200 3200
8000 8000 3200 3200
8000 8000 3200 3200
8000 8000 3200 3200
8000 8000 3200 3200
32000 32000 7040 23360
83880 56400 47760 7040
57040 8000 3200 3200
8000 8000 3200 3200
8000 8000 3200 3200
8000 8000 3200 3200
8000 8000 3200 3200
8000 8000 3200 3200
8000 8000 3200 3200
33000 8000 3200 3200
8000 8000 3200 3200
21000 8000 3200 3200
33040 33040 24280 7160
8000 8000 3200 3200
8000 8000 3200 3200
8000 8000 3200 3200
8000 8000 3200 3200
8000 8000 3200 3200
8000 8000 3200 3200
8000 8000 3200 3200
32000 32000 7040 23360
83880 56400 47760 7040
31960 8000 3200 3200
8000 8000 3200 3200
8000 8000 3200 3200
8000 8000 3200 3200
8000 8000 3200 3200
8000 8000 3200 3200
8000 8000 3200 3200
8000 8000 3200 3200
8000 8000 3200 3200
282840 282840 3200 278040
8000 8000 3200 3200
8000 8000 3200 3200
33120 33120 7160 24360
282800 8000 3200 3200
8000 8000 3200 3200
8000 8000 3200 3200
8000 8000 3200 3200
8000 8000 3200 3200
32000 32000 7040 23360
77800 50320 41680 7040
38040 14080 9280 3200
8000 8000 3200 3200
8000 8000 3200 3200
8000 8000 3200 3200
8000 8000 3200 3200
8000 8000 3200 3200
8000 8000 3200 3200
8000 8000 3200 3200
8000 8000 3200 3200
8000 8000 3200 3200
8000 8000 3200 3200
8000 8000 3200 3200
33040 33040 3200 28240
8000 8000 3200 3200
8000 8000 3200 3200
8000 8000 3200 3200
8000 8000 3200 3200
8000 8000 3200 3200
32000 32000 7040 23360
32320 32320 23680 7040
108600 32080 27280 3200
8000 8000 3200 3200
8000 8000 3200 3200
8000 8000 3200 3200
8000 8000 3200 3200
8000 8000 3200 3200
8000 8000 3200 3200
307920 282920 3200 278120
8000 8000 3200 3200
21000 8000 3200 3200
33040 33040 24280 7160
8000 8000 3200 3200
8000 8000 3200 3200
8000 8000 3200 3200
8000 8000 3200 3200
8000 8000 3200 3200
8000 8000 3200 3200
8000 8000 3200 3200
32000 32000 7040 23360
32320 32320 23680 7040
83520 32080 27280 3200
8000 8000 3200 3200
8000 8000 3200 3200
8000 8000 3200 3200
8000 8000 3200 3200
8000 8000 3200 3200
8000 8000 3200 3200
8000 8000 3200 3200
8000 8000 3200 3200
8000 8000 3200 3200
8000 8000 3200 3200
8000 8000 3200 3200
33120 33120 7160 24360
8000 8000 3200 3200
8000 8000 3200 3200
8000 8000 3200 3200
8000 8000 3200 3200
8000 8000 3200 3200
32000 32000 7040 23360
32320 32320 23680 7040
83520 32080 27280 3200
8000 8000 3200 3200
8000 8000 3200 3200
8000 8000 3200 3200
8000 8000 3200 3200
8000 8000 3200 3200
8000 8000 3200 3200
8000 8000 3200 3200
8000 8000 3200 3200
8000 8000 3200 3200
8000 8000 3200 3200
8000 8000 3200 3200
33040 33040 3200 28240
8000 8000 3200 3200
8000 8000 3200 3200
8000 8000 3200 3200
8000 8000 3200 3200
8000 8000 3200 3200
32000 32000 7040 23360
8000 8000 3200 3200
132920 56400 47760 7040
8000 8000 3200 3200
8000 8000 3200 3200
8000 8000 3200 3200
8000 8000 3200 3200
8000 8000 3200 3200
8000 8000 3200 3200
33000 8000 3200 3200
282840 282840 278040 3200
21000 8000 3200 3200
33040 33040 24280 7160
282920 282920 267320 14000
8000 8000 3200 3200
8000 8000 3200 3200
8000 8000 3200 3200
8000 8000 3200 3200
8000 8000 3200 3200
8000 8000 3200 3200
32000 32000 7040 23360
8000 8000 3200 3200
382680 331240 58560 271080
8000 8000 3200 3200
8000 8000 3200 3200
8000 8000 3200 3200
8000 8000 3200 3200
8000 8000 3200 3200
8000 8000 3200 3200
8000 8000 3200 3200
8000 8000 3200 3200
8000 8000 3200 3200
8000 8000 3200 3200
8000 8000 3200 3200
33120 33120 7160 24360
8000 8000 3200 3200
8000 8000 3200 3200
8000 8000 3200 3200
8000 8000 3200 3200
8000 8000 3200 3200
32000 32000 7040 23360
8000 8000 3200 3200
107840 56400 47760 7040
8000 8000 3200 3200
8000 8000 3200 3200
8000 8000 3200 3200
8000 8000 3200 3200
8000 8000 3200 3200
8000 8000 3200 3200
8000 8000 3200 3200
8000 8000 3200 3200
8000 8000 3200 3200
8000 8000 3200 3200
8000 8000 3200 3200
33040 33040 3200 28240
8000 8000 3200 3200
8000 8000 3200 3200
8000 8000 3200 3200
8000 8000 3200 3200
8000 8000 3200 3200
32000 32000 7040 23360
8000 8000 3200 3200
132920 56400 47760 7040
8000 8000 3200 3200
8000 8000 3200 3200
8000 8000 3200 3200
280640 8000 3200 3200
16200 8000 3200 3200
8000 8000 3200 3200
33000 8000 3200 3200
8000 8000 3200 3200
21000 8000 3200 3200
33040 33040 24280 7160
8000 8000 3200 3200
8000 8000 3200 3200
8000 8000 3200 3200
8000 8000 3200 3200
8000 8000 3200 3200
8000 8000 3200 3200
8000 8000 3200 3200
32000 32000 7040 23360
8000 8000 3200 3200
83880 56400 47760 7040
31960 8000 3200 3200
8000 8000 3200 3200
8000 8000 3200 3200
8000 8000 3200 3200
8000 8000 3200 3200
8000 8000 3200 3200
8000 8000 3200 3200
8000 8000 3200 3200
8000 8000 3200 3200
8000 8000 3200 3200
8000 8000 3200 3200
33120 33120 7160 24360
8000 8000 3200 3200
8000 8000 3200 3200
8000 8000 3200 3200
8000 8000 3200 3200
8000 8000 3200 3200
32000 32000 7040 23360
8000 8000 3200 3200
83880 56400 47760 7040
31960 8000 3200 3200
8000 8000 3200 3200
8000 8000 3200 3200
8000 8000 3200 3200
8000 8000 3200 3200
8000 8000 3200 3200
8000 8000 3200 3200
8000 8000 3200 3200
8000 8000 3200 3200
8000 8000 3200 3200
8000 8000 3200 3200
33040 33040 3200 28240
8000 8000 3200 3200
8000 8000 3200 3200
8000 8000 3200 3200
282800 8000 3200 3200
272040 272040 3200 267240
42800 42800 7040 34160
8000 8000 3200 3200
108960 56400 47760 7040
31960 8000 3200 3200
8000 8000 3200 3200
8000 8000 3200 3200
8000 8000 3200 3200
8000 8000 3200 3200
8000 8000 3200 3200
33000 8000 3200 3200
8000 8000 3200 3200
21000 8000 3200 3200
33040 33040 24280 7160
8000 8000 3200 3200
8000 8000 3200 3200
8000 8000 3200 3200
8000 8000 3200 3200
8000 8000 3200 3200
8000 8000 3200 3200
8000 8000 3200 3200
32000 32000 7040 23360
8000 8000 3200 3200
83880 56400 47760 7040
31960 8000 3200 3200
8000 8000 3200 3200
8000 8000 3200 3200
8000 8000 3200 3200
8000 8000 3200 3200
8000 8000 3200 3200
8000 8000 3200 3200
8000 8000 3200 3200
8000 8000 3200 3200
8000 8000 3200 3200
8000 8000 3200 3200
33120 33120 7160 24360
8000 8000 3200 3200
8000 8000 3200 3200
8000 8000 3200 3200
8000 8000 3200 3200
8000 8000 3200 3200
32000 32000 7040 23360
8000 8000 3200 3200
83880 56400 47760 7040
31960 8000 3200 3200
282920 282920 3200 278120
8000 8000 3200 3200
8000 8000 3200 3200
8000 8000 3200 3200
8000 8000 3200 3200
8000 8000 3200 3200
8000 8000 3200 3200
282840 282840 267240 14000
8000 8000 3200 3200
8000 8000 3200 3200
33040 33040 3200 28240
8000 8000 3200 3200
8000 8000 3200 3200
8000 8000 3200 3200
8000 8000 3200 3200
8000 8000 3200 3200
32040 32040 7080 23360
8000 8000 3200 3200
109080 56480 47800 7080
32000 8000 3200 3200
8000 8000 3200 3200
8000 8000 3200 3200
8000 8000 3200 3200
8000 8000 3200 3200
8000 8000 3200 3200
33000 8000 3200 3200
8000 8000 3200 3200
21000 8000 3200 3200
33040 33040 24280 7160
8000 8000 3200 3200
8000 8000 3200 3200
8000 8000 3200 3200
8000 8000 3200 3200
8000 8000 3200 3200
8000 8000 3200 3200
282840 282840 278040 3200
32080 32080 7080 23400
8000 8000 3200 3200
84120 56560 47880 7080
32040 8000 3200 3200
8000 8000 3200 3200
8000 8000 3200 3200
8000 8000 3200 3200
8000 8000 3200 3200
8000 8000 3200 3200
8000 8000 3200 3200
8000 8000 3200 3200
8000 8000 3200 3200
8000 8000 3200 3200
8000 8000 3200 3200
33120 33120 7160 24360
8000 8000 3200 3200
8000 8000 3200 3200
8000 8000 3200 3200
8000 8000 3200 3200
8000 8000 3200 3200
8000 8000 3200 3200
32080 32080 7080 23400
84120 56560 47880 7080
32040 8000 3200 3200
8000 8000 3200 3200
8000 8000 3200 3200
8000 8000 3200 3200
8000 8000 3200 3200
8000 8000 3200 3200
8000 8000 3200 3200
282840 282840 267240 14000
8000 8000 3200 3200
8000 8000 3200 3200
8000 8000 3200 3200
33040 33040 3200 28240
8000 8000 3200 3200
8000 8000 3200 3200
8000 8000 3200 3200
8000 8000 3200 3200
8000 8000 3200 3200
8000 8000 3200 3200
32080 32080 7080 23400
109200 56560 47880 7080
32040 8000 3200 3200
8000 8000 3200 3200
8000 8000 3200 3200
8000 8000 3200 3200
8000 8000 3200 3200
8000 8000 3200 3200
33000 8000 3200 3200
8000 8000 3200 3200
298120 8000 3200 3200
33040 33040 24280 7160
8000 8000 3200 3200
8000 8000 3200 3200
8000 8000 3200 3200
8000 8000 3200 3200
8000 8000 3200 3200
8000 8000 3200 3200
8000 8000 3200 3200
8000 8000 3200 3200
32080 32080 7080 23400
84120 56560 47880 7080
32040 8000 3200 3200
8000 8000 3200 3200
8000 8000 3200 3200
8000 8000 3200 3200
8000 8000 3200 3200
8000 8000 3200 3200
8000 8000 3200 3200
8000 8000 3200 3200
8000 8000 3200 3200
8000 8000 3200 3200
8000 8000 3200 3200
33120 33120 7160 24360
8000 8000 3200 3200
8000 8000 3200 3200
8000 8000 3200 3200
8000 8000 3200 3200
8000 8000 3200 3200
8000 8000 3200 3200
32080 32080 7080 23400
84120 56560 47880 7080
32040 8000 3200 3200
8000 8000 3200 3200
8000 8000 3200 3200
8000 8000 3200 3200
8000 8000 3200 3200
8000 8000 3200 3200
8000 8000 3200 3200
8000 8000 3200 3200
8000 8000 3200 3200
8000 8000 3200 3200
8000 8000 3200 3200
33040 33040 3200 28240
8000 8000 3200 3200
272000 8000 3200 3200
18800 8000 3200 3200
8000 8000 3200 3200
8000 8000 3200 3200
8000 8000 3200 3200
32080 32080 7080 23400
109200 56560 47880 7080
32040 8000 3200 3200
8000 8000 3200 3200
8000 8000 3200 3200
8000 8000 3200 3200
8000 8000 3200 3200
8000 8000 3200 3200
307920 282920 267320 14000
8000 8000 3200 3200
21000 8000 3200 3200
33040 33040 24280 7160
8000 8000 3200 3200
8000 8000 3200 3200
8000 8000 3200 3200
8000 8000 3200 3200
8000 8000 3200 3200
8000 8000 3200 3200
8000 8000 3200 3200
8000 8000 3200 3200
32080 32080 7080 23400
84120 56560 47880 7080
32040 8000 3200 3200
8000 8000 3200 3200
8000 8000 3200 3200
8000 8000 3200 3200
8000 8000 3200 3200
8000 8000 3200 3200
8000 8000 3200 3200
8000 8000 3200 3200
8000 8000 3200 3200
8000 8000 3200 3200
8000 8000 3200 3200
33120 33120 7160 24360
8000 8000 3200 3200
8000 8000 3200 3200
8000 8000 3200 3200
8000 8000 3200 3200
8000 8000 3200 3200
282840 282840 3200 278040
32080 32080 7080 23400
84120 56560 47880 7080
32040 8000 3200 3200
8000 8000 3200 3200
8000 8000 3200 3200
8000 8000 3200 3200
8000 8000 3200 3200
8000 8000 3200 3200
8000 8000 3200 3200
8000 8000 3200 3200
8000 8000 3200 3200
8000 8000 3200 3200
8000 8000 3200 3200
33040 33040 3200 28240
334400 8000 3200 3200
150840 8000 3200 3200
8000 8000 3200 3200
8000 8000 3200 3200
8000 8000 3200 3200
8000 8000 3200 3200
32080 32080 7080 23400
109200 56560 47880 7080
32040 8000 3200 3200
8000 8000 3200 3200
8000 8000 3200 3200
8000 8000 3200 3200
8000 8000 3200 3200
8000 8000 3200 3200
33000 8000 3200 3200
8000 8000 3200 3200
289560 282920 3200 278120
39400 33040 24280 7160
8000 8000 3200 3200
8000 8000 3200 3200
8000 8000 3200 3200
8000 8000 3200 3200
282840 282840 14000 267240
8000 8000 3200 3200
8000 8000 3200 3200
8000 8000 3200 3200
32080 32080 7080 23400
78000 56560 47880 7080
38160 8000 3200 3200
8000 8000 3200 3200
8000 8000 3200 3200
8000 8000 3200 3200
8000 8000 3200 3200
8000 8000 3200 3200
8000 8000 3200 3200
8000 8000 3200 3200
280600 280600 275800 3200
10240 10240 5440 3200
8000 8000 3200 3200
33120 33120 7160 24360
8000 8000 3200 3200
8000 8000 3200 3200
118520 118520 113720 3200
8000 8000 3200 3200
116800 116800 112000 3200
259640 259640 254840 3200
32080 32080 7080 23400
56560 56560 47880 7080
59600 8000 3200 3200
8000 8000 3200 3200
272040 272040 265000 5440
18800 18800 5440 11760
8000 8000 3200 3200
8000 8000 3200 3200
8000 8000 3200 3200
272040 272040 5440 265000
18800 18800 11760 5440
8000 8000 3200 3200
8000 8000 3200 3200
67200 33040 3200 28240
8000 8000 3200 3200
8000 8000 3200 3200
8000 8000 3200 3200
8000 8000 3200 3200
8000 8000 3200 3200
8000 8000 3200 3200
32080 32080 7080 23400
57240 32160 27360 3200
84000 32400 23720 7080
8000 8000 3200 3200
282920 282920 267320 14000
8000 8000 3200 3200
8000 8000 3200 3200
8000 8000 3200 3200
33000 8000 3200 3200
8000 8000 3200 3200
8000 8000 3200 3200
21000 8000 3200 3200
33040 33040 24280 7160
8000 8000 3200 3200
8000 8000 3200 3200
8000 8000 3200 3200
8000 8000 3200 3200
8000 8000 3200 3200
8000 8000 3200 3200
8000 8000 3200 3200
32080 32080 7080 23400
32160 32160 27360 3200
84000 32400 23720 7080
8000 8000 3200 3200
8000 8000 3200 3200
8000 8000 3200 3200
8000 8000 3200 3200
8000 8000 3200 3200
8000 8000 3200 3200
8000 8000 3200 3200
8000 8000 3200 3200
8000 8000 3200 3200
8000 8000 3200 3200
33120 33120 7160 24360
8000 8000 3200 3200
8000 8000 3200 3200
116800 116800 3200 112000
116800 116800 3200 112000
150840 150840 3200 146040
116800 116800 3200 112000
32080 32080 7080 23400
32160 32160 27360 3200
84000 32400 23720 7080
8000 8000 3200 3200
8000 8000 3200 3200
8000 8000 3200 3200
8000 8000 3200 3200
8000 8000 3200 3200
8000 8000 3200 3200
8000 8000 3200 3200
8000 8000 3200 3200
8000 8000 3200 3200
8000 8000 3200 3200
33040 33040 3200 28240
8000 8000 3200 3200
8000 8000 3200 3200
8000 8000 3200 3200
8000 8000 3200 3200
8000 8000 3200 3200
8000 8000 3200 3200
32080 32080 7080 23400
33080 8000 3200 3200
108160 56560 47880 7080
8000 8000 3200 3200
8000 8000 3200 3200
8000 8000 3200 3200
8000 8000 3200 3200
8000 8000 3200 3200
307800 8000 3200 3200
8000 8000 3200 3200
8000 8000 3200 3200
21000 8000 3200 3200
33040 33040 24280 7160
8000 8000 3200 3200
39880 39880 3200 35080
8000 8000 3200 3200
8000 8000 3200 3200
8000 8000 3200 3200
8000 8000 3200 3200
8000 8000 3200 3200
32080 32080 7080 23400
8000 8000 3200 3200
108160 56560 47880 7080
8000 8000 3200 3200
8000 8000 3200 3200
8000 8000 3200 3200
8000 8000 3200 3200
8000 8000 3200 3200
8000 8000 3200 3200
8000 8000 3200 3200
8000 8000 3200 3200
8000 8000 3200 3200
8000 8000 3200 3200
33120 33120 7160 24360
8000 8000 3200 3200
8000 8000 3200 3200
8000 8000 3200 3200
8000 8000 3200 3200
8000 8000 3200 3200
8000 8000 3200 3200
140960 140960 113720 25640
116880 116880 109840 5440
108160 56560 47880 7080
150920 150920 143880 5440
259680 116880 109840 5440
8000 8000 3200 3200
8000 8000 3200 3200
8000 8000 3200 3200
8000 8000 3200 3200
225520 8000 3200 3200
116760 8000 3200 3200
8000 8000 3200 3200
8000 8000 3200 3200
33040 33040 3200 28240
8000 8000 3200 3200
8000 8000 3200 3200
8000 8000 3200 3200
8000 8000 3200 3200
8000 8000 3200 3200
8000 8000 3200 3200
140960 140960 7080 132280
141960 116880 3200 112080
251080 199480 47880 150000
127480 127480 3200 122680
8000 8000 3200 3200
8000 8000 3200 3200
8000 8000 3200 3200
116880 116880 3200 112080
33000 8000 3200 3200
8000 8000 3200 3200
8000 8000 3200 3200
21000 8000 3200 3200
33040 33040 24280 7160
8000 8000 3200 3200
8000 8000 3200 3200
8000 8000 3200 3200
8000 8000 3200 3200
8000 8000 3200 3200
8000 8000 3200 3200
8000 8000 3200 3200
32080 32080 7080 23400
8000 8000 3200 3200
102040 56560 47880 7080
14120 8000 3200 3200
8000 8000 3200 3200
8000 8000 3200 3200
8000 8000 3200 3200
8000 8000 3200 3200
116800 116800 5440 109760
116800 116800 5440 109760
116800 116800 5440 109760
265200 234800 33600 199600
266840 196240 76640 118000
33120 33120 7160 24360
8000 8000 3200 3200
8000 8000 3200 3200
8000 8000 3200 3200
8000 8000 3200 3200
8000 8000 3200 3200
8000 8000 3200 3200
32080 32080 7080 23400
8000 8000 3200 3200
84120 56560 47880 7080
32040 8000 3200 3200
8000 8000 3200 3200
8000 8000 3200 3200
8000 8000 3200 3200
8000 8000 3200 3200
8000 8000 3200 3200
8000 8000 3200 3200
77440 77440 60960 14880
8000 8000 3200 3200
8000 8000 3200 3200
33040 33040 3200 28240
8000 8000 3200 3200
8000 8000 3200 3200
8000 8000 3200 3200
8000 8000 3200 3200
8000 8000 3200 3200
8000 8000 3200 3200
32080 32080 7080 23400
33080 8000 3200 3200
84120 56560 47880 7080
32040 8000 3200 3200
282840 282840 267240 14000
8000 8000 3200 3200
8000 8000 3200 3200
39960 39960 24360 14000
64880 39880 14000 24280
8000 8000 3200 3200
8000 8000 3200 3200
21000 8000 3200 3200
33040 33040 24280 7160
39920 8000 3200 3200
8000 8000 3200 3200
8000 8000 3200 3200
8000 8000 3200 3200
8000 8000 3200 3200
8000 8000 3200 3200
8000 8000 3200 3200
32080 32080 7080 23400
8000 8000 3200 3200
84120 56560 47880 7080
32040 8000 3200 3200
8000 8000 3200 3200
8000 8000 3200 3200
8000 8000 3200 3200
8000 8000 3200 3200
8000 8000 3200 3200
8000 8000 3200 3200
116800 116800 109760 5440
116800 116800 109760 5440
8000 8000 3200 3200
175960 175960 147760 26600
116800 116800 109760 5440
14756200 10820280 4096840 6721840
2027000 1625880 773280 851000
1728160 1395280 334640 780120
13253760 26688360 6684320 6430760
53020800 106837380 28807420 21143560
414896080 479636980 303299280 62862280
998439040 1411898600 495600060 423738760
1638808080 1550147760 542366160 650621840
1225041560 1526806160 637966400 401833200
1035808960 1779560440 651163860 247633160
825807440 1304100280 426399540 386487040
244804800 323813080 142458960 67703160
644182600 674191480 179026880 411134840
10240 10240 5440 3200
8000 8000 3200 3200
8000 8000 3200 3200
8000 8000 3200 3200
8000 8000 3200 3200
33040 33040 3200 28240
8000 8000 3200 3200
8000 8000 3200 3200
8000 8000 3200 3200
8000 8000 3200 3200
8000 8000 3200 3200
8000 8000 3200 3200
32080 32080 7080 23400
33080 8000 3200 3200
84120 56560 47880 7080
32040 8000 3200 3200
8000 8000 3200 3200
8000 8000 3200 3200
56280 56280 17880 36800
64160 64160 32920 29640
277840 228720 76720 150400
315600 180200 24800 153800
425440 367800 159520 206680
1073880 807600 376040 429960
173290800 173154840 172293480 826720
302840 226560 69400 139920
594680 27165560 30000 36800
172303160 328868440 172112280 189280
12666960 318331680 12324320 341040
160494080 187930400 160386440 106040
172426480 172396320 172374120 16120
31240 172152800 26440 3200
57600 34320 9320 23400
205354600 205352360 205216800 133960
311443400 139226040 139215120 9320
97160 65840 43760 20480
149011080 148620040 148615240 3200
24574320 24451200 23748040 678320
177625480 261660480 3200 89383440
193071320 170057040 105640 83414480
491956120 529431360 134320 344737280
516828440 586429440 309560 344260840
345466680 176493360 145680 172687880
329031640 173412480 172797000 576320
382679160 537299760 172908680 192202640
949476080 1045696440 621914840 325865960
929427200 831233040 68106400 688884160
1033839520 861479920 688701440 172776880
517792720 689965640 344267960 173465840
1625440 4761320 846760 464800
235320 168975400 3200 120000
173186040 173186040 531920 172652520
518120 518120 270880 245640
126320 14120 7080 5440
84120 56560 47880 7080
11548680 8557320 3074640 5481080
9267680 10349640 3692520 3951080
8550040 9116640 3575360 3342200
941058500 691197200 500852040 189414200
1840725460 2665876520 918684360 702985680
1852222920 2782406360 992220400 810938680
1783795440 1844508120 566930760 734802400
465899120 777338240 354699240 111191560
113595320 228974200 37858560 75735160
8000 8000 3200 3200
33040 33040 3200 28240
8000 8000 3200 3200
8000 8000 3200 3200
8000 8000 3200 3200
8000 8000 3200 3200
8000 8000 3200 3200
8000 8000 3200 3200
8000 8000 3200 3200
57160 32080 7080 23400
84120 56560 47880 7080
32040 8000 3200 3200
8000 8000 3200 3200
8000 8000 3200 3200
8000 8000 3200 3200
8000 8000 3200 3200
33000 8000 3200 3200
8000 8000 3200 3200
8000 8000 3200 3200
21000 8000 3200 3200
33040 33040 24280 7160
8000 8000 3200 3200
8000 8000 3200 3200
8000 8000 3200 3200
8000 8000 3200 3200
8000 8000 3200 3200
8000 8000 3200 3200
8000 8000 3200 3200
8000 8000 3200 3200
32080 32080 7080 23400
84120 56560 47880 7080
373360 349320 3200 344520
8000 8000 3200 3200
8000 8000 3200 3200
8000 8000 3200 3200
8000 8000 3200 3200
8000 8000 3200 3200
8000 8000 3200 3200
8000 8000 3200 3200
8000 8000 3200 3200
8000 8000 3200 3200
204120 204120 175920 26600
321640 163000 158200 3200
165040 165040 158000 5440
160960 160960 3200 156160
8000 8000 3200 3200
358760 8000 3200 3200
182360 180120 173080 5440
523040 167200 5440 160160
32080 32080 7080 23400
782160 754600 396080 356920
214760 190720 183680 5440
545520 545520 7680 536240
190640 190640 5440 183600
697840 515200 324760 188840
194560 194560 9920 183040
8000 8000 3200 3200
536880 536880 355640 179640
194560 194560 185280 7680
190440 190440 3200 185640
169440 8000 3200 3200
33040 33040 3200 28240
192320 8000 3200 3200
8000 8000 3200 3200
10962520 8187800 3123640 4879640
670859920 710399480 334034880 189171560
2811763440 3680640120 1289209080 1091753880
2191819200 2952876800 1106886720 862180120
21440 19200 9920 7680
57160 32080 7080 23400
84120 56560 47880 7080
32040 8000 3200 3200
8000 8000 3200 3200
8000 8000 3200 3200
8000 8000 3200 3200
8000 8000 3200 3200
33000 8000 3200 3200
8000 8000 3200 3200
282840 282840 278040 3200
21000 8000 3200 3200
33040 33040 24280 7160
206752600 222917560 107015040 64742800
273964320 534995560 172084520 101873720
313556880 485461520 168142880 110416560
469466880 385315380 180894400 173170920
783683400 1031818620 404532080 284563720
443124520 541437160 163295440 208727160
495588240 749540600 274636240 185761880
476681800 677750040 273132120 133050920
264594280 203029080 92801120 110226360
9576960 581080 387160 192320
137122280 101858560 46675080 55181880
1448600 1275080 576120 697360
1391440 1048800 345920 701280
1096080 916560 361720 553240
423040 243600 206880 35120
388640 39880 14000 24280
211640 8000 3200 3200
9836880 7461440 2946920 4512920
6228920 4602680 1693240 2907840
351080 244120 95200 147320
57240 57240 21840 33800
338560 8000 3200 3200
8000 8000 3200 3200
385280 385280 234200 149480
3335400 3335400 1930920 1402880
6862800 3861960 768920 3091440
1858840 1764480 943520 819360
56320 56320 42080 12640
182920 182920 155680 25640
234960 207400 50120 155680
486760 311880 304840 5440
609600 456680 5440 449640
8000 8000 3200 3200
1150640 723000 433200 288200
1590160 1302880 704960 596320
578400 435840 145760 288480
8000 8000 3200 3200
8000 8000 3200 3200
12449440 8962280 3572000 5388680
7561510080 9508471880 3512681640 2933851160
3015704240 4028502480 1632115480 997640000
1392943480 1755958160 676894680 484646440
33360 13234840 15000 16760
258358920 490015200 173651040 84706280
8000 8000 3200 3200
8000 8000 3200 3200
8000 8000 3200 3200
8000 8000 3200 3200
57200 32080 7080 23400
84120 56560 47880 7080
32040 8000 3200 3200
8000 8000 3200 3200
8000 8000 3200 3200
8000 8000 3200 3200
8000 8000 3200 3200
33000 8000 3200 3200
8000 8000 3200 3200
8000 8000 3200 3200
124445160 248707600 62140920 62289640
339400640 490001980 131523300 172460400
503175160 678153940 226958580 217712280
313907640 531762440 156726040 109965240
325734960 657927920 171607000 138408120
360626120 386894820 217895360 111576800
281648440 406088380 171886800 78328360
46667000 108838520 46546040 119360
15537880 15537880 3200 15533080
8000 8000 3200 3200
32080 32080 7080 23400
93338240 77732480 46589240 31141640
123942000 108423000 46418120 62003280
262618080 200138560 121894480 78242480
112470280 81001760 65427000 15573160
155496720 93196240 62084880 31109760
125159560 93886000 46910880 46973520
109484800 93842000 46869880 46970520
15630840 10240 3200 5440
8000 8000 3200 3200
8000 8000 3200 3200
8000 8000 3200 3200
33120 33120 7160 24360
8000 8000 3200 3200
8000 8000 3200 3200
8000 8000 3200 3200
8000 8000 3200 3200
8000 8000 3200 3200
8000 8000 3200 3200
8000 8000 3200 3200
32080 32080 7080 23400
32160 32160 27360 3200
84000 32400 23720 7080
8000 8000 3200 3200
8000 8000 3200 3200
8000 8000 3200 3200
8000 8000 3200 3200
8000 8000 3200 3200
8000 8000 3200 3200
8000 8000 3200 3200
8000 8000 3200 3200
8000 8000 3200 3200
33040 33040 3200 28240
360760 360760 3200 355960
8000 8000 3200 3200
163080 163080 3200 158280
173680 173680 3200 168880
167560 167560 3200 162760
8000 8000 3200 3200
8000 8000 3200 3200
224400 199280 172040 25640
496080 400640 186960 212080
239000 187400 25960 159840
553000 553000 366720 184680
649360 649360 171640 476120
170680 170680 163640 5440
194400 194400 3200 189600
216800 191800 184760 5440
199720 199720 192680 5440
509760 509760 331160 177000
208240 195240 3200 190440
368360 368360 359600 7160
10240 10240 5440 3200
193240 193240 188440 3200
8000 8000 3200 3200
184280 8000 3200 3200
8000 8000 3200 3200
8000 8000 3200 3200
348000 8000 3200 3200
8000 8000 3200 3200
208600 32080 7080 23400
10240 8000 3200 3200
108160 56560 47880 7080
462869160 346833960 173306120 173526240
10240 8000 3200 3200
8000 8000 3200 3200
8000 8000 3200 3200
8000 8000 3200 3200
8000 8000 3200 3200
8000 8000 3200 3200
8000 8000 3200 3200
8000 8000 3200 3200
33120 33120 7160 24360
8000 8000 3200 3200
8000 8000 3200 3200
298040 8000 3200 3200
463427680 347454760 231499160 115954000
8000 8000 3200 3200
124990760 93768960 46816200 46951160
10240 10240 5440 3200
32080 32080 7080 23400
8000 8000 3200 3200
142360 90760 47880 41280
8000 8000 3200 3200
8000 8000 3200 3200
8000 8000 3200 3200
8000 8000 3200 3200
8000 8000 3200 3200
8000 8000 3200 3200
8000 8000 3200 3200
8000 8000 3200 3200
8000 8000 3200 3200
33040 33040 3200 28240
125135680 93825160 62512240 31311320
167000 8000 3200 3200
184600 8000 3200 3200
10240 8000 3200 3200
8000 8000 3200 3200
8000 8000 3200 3200
330760 8000 3200 3200
57200 32080 7080 23400
8000 8000 3200 3200
108160 56560 47880 7080
8000 8000 3200 3200
8000 8000 3200 3200
8000 8000 3200 3200
8000 8000 3200 3200
33000 8000 3200 3200
8000 8000 3200 3200
8000 8000 3200 3200
21000 8000 3200 3200
33040 33040 24280 7160
8000 8000 3200 3200
8000 8000 3200 3200
8000 8000 3200 3200
8000 8000 3200 3200
8000 8000 3200 3200
8000 8000 3200 3200
8000 8000 3200 3200
8000 8000 3200 3200
32080 32080 7080 23400
8000 8000 3200 3200
108160 56560 47880 7080
8000 8000 3200 3200
8000 8000 3200 3200
8000 8000 3200 3200
8000 8000 3200 3200
8000 8000 3200 3200
8000 8000 3200 3200
42120 42120 37320 3200
322040 92480 33600 57280
1733711520 2227778840 909574920 586394040
3531653440 4690340820 1497705520 1525520200
402787680 682160740 352472360 49906320
18800 21040 11760 5440
8000 8000 3200 3200
8000 8000 3200 3200
8000 8000 3200 3200
8000 8000 3200 3200
8000 8000 3200 3200
32080 32080 7080 23400
32160 32160 27360 3200
285640 234040 201120 31320
774280 774280 290600 482080
137312160 101922320 63901800 38018920
137197520 101910760 63881720 38027440
206758160 231756920 96554480 74832840
568076720 702079400 251901560 245459080
472185200 659886480 255311760 146580400
467184160 616805800 248851600 148248720
408512280 554754560 267808280 87232040
515856680 549221120 263644320 164159280
322677640 385348120 147312040 121332760
343608800 644634360 161762560 181816000
1189709920 1274980720 510938000 449343080
525359000 719143920 289750440 181759760
593678240 900938040 384322800 148663640
445201080 585185760 243017800 141144920
114452520 221488680 94108560 20342360
10240 12480 3200 5440
261880 32080 7080 23400
624600 437760 24320 411840
651920 413600 47880 364120
768640 375520 178360 195560
759040 572120 534520 36000
917760 917760 875680 40480
186520 186520 181720 3200
312760 262440 197640 63200
462720 347360 146480 199280
16918600 12578880 4757680 7819600
158760 117120 49840 65680
33080 33080 24320 7160
8000 8000 3200 3200
8000 8000 3200 3200
8000 8000 3200 3200
1886000 907920 435840 470480
8000 8000 3200 3200
873440 727200 151800 573800
829080 829080 592880 234600
1946200 1946200 955000 989600
2190960 2190960 897240 1292120
2842440 2406560 1288440 1116520
2740280 2302680 1097440 1203640
516320 232480 113200 117680
667760 667760 404440 261720
567480 567480 232160 333720
826320 826320 448280 376440
120320 120320 3200 115520
232640 232640 113280 117760
8000 8000 3200 3200
2094542280 2670371160 1231709320 533710640
2285926280 3161906760 887157360 1139072080
99560 99560 56040 39680
8000 8000 3200 3200
8000 8000 3200 3200
8000 8000 3200 3200
8000 8000 3200 3200
8000 8000 3200 3200
22760 22760 3200 17960
108749920 240461080 46658400 62089920
458433400 899344040 270574000 168184960
681073320 945071000 266960040 336002440
860546160 1300437840 484636840 277919840
545286400 518875560 265295240 171677760
274982640 210963280 101423120 109534080
137031720 117392080 89925000 27465480
108397240 85151680 27098640 58051440
152470360 117237680 58483240 58752840
10240 10240 5440 3200
8000 8000 3200 3200
8000 8000 3200 3200
8000 8000 3200 3200
33080 33080 3200 28280
8000 8000 3200 3200
8000 8000 3200 3200
8000 8000 3200 3200
8000 8000 3200 3200
8000 8000 3200 3200
8000 8000 3200 3200
8000 8000 3200 3200
57200 32080 7080 23400
8000 8000 3200 3200
84120 56560 47880 7080
32040 8000 3200 3200
8000 8000 3200 3200
8000 8000 3200 3200
8000 8000 3200 3200
402640 8000 3200 3200
8000 8000 3200 3200
8000 8000 3200 3200
21000 8000 3200 3200
33080 33080 24320 7160
8000 8000 3200 3200
302680 302680 3200 297880
8000 8000 3200 3200
8000 8000 3200 3200
8000 8000 3200 3200
8000 8000 3200 3200
8000 8000 3200 3200
322280 322280 3200 317480
191760 191760 7080 183080
8000 8000 3200 3200
84120 56560 47880 7080
32040 8000 3200 3200
163080 163080 156040 5440
483160 483160 317280 164280
793880 793880 326480 465800
336760 336760 167280 167880
346000 346000 338960 5440
477480 322480 315440 5440
809000 492800 160560 330640
361080 358840 179480 177760
33160 33160 7160 24400
341040 8000 3200 3200
178560 8000 3200 3200
173160 8000 3200 3200
339000 8000 3200 3200
8000 8000 3200 3200
8000 8000 3200 3200
8000 8000 3200 3200
32080 32080 7080 23400
8000 8000 3200 3200
84120 56560 47880 7080
32040 8000 3200 3200
8000 8000 3200 3200
8000 8000 3200 3200
8000 8000 3200 3200
8000 8000 3200 3200
8000 8000 3200 3200
8000 8000 3200 3200
8000 8000 3200 3200
8000 8000 3200 3200
33080 33080 3200 28280
8000 8000 3200 3200
8000 8000 3200 3200
8000 8000 3200 3200
8000 8000 3200 3200
8000 8000 3200 3200
8000 8000 3200 3200
8000 8000 3200 3200
57200 32080 7080 23400
8000 8000 3200 3200
118320 90760 47880 41280
32040 8000 3200 3200
8000 8000 3200 3200
8000 8000 3200 3200
8000 8000 3200 3200
33040 8000 3200 3200
8000 8000 3200 3200
8000 8000 3200 3200
14640 8000 3200 3200
39440 33080 24320 7160
460514320 345420320 172565760 172852960
12480 12480 3200 7680
8000 8000 3200 3200
8000 8000 3200 3200
8000 8000 3200 3200
8000 8000 3200 3200
8000 8000 3200 3200
8000 8000 3200 3200
8000 8000 3200 3200
32080 32080 7080 23400
84120 56560 47880 7080
32040 8000 3200 3200
8000 8000 3200 3200
8000 8000 3200 3200
163422920 132777000 56169560 76605840
14720 12480 5440 5440
8000 8000 3200 3200
8000 8000 3200 3200
8000 8000 3200 3200
8000 8000 3200 3200
33160 33160 7160 24400
124521600 101157640 42785600 58370440
12480 10240 3200 5440
8000 8000 3200 3200
8000 8000 3200 3200
8000 8000 3200 3200
8000 8000 3200 3200
8000 8000 3200 3200
8000 8000 3200 3200
32080 32080 7080 23400
84120 56560 47880 7080
32040 8000 3200 3200
8000 8000 3200 3200
8000 8000 3200 3200
8000 8000 3200 3200
8000 8000 3200 3200
8000 8000 3200 3200
42120 42120 37320 3200
8000 8000 3200 3200
8000 8000 3200 3200
33080 33080 3200 28280
8000 8000 3200 3200
8000 8000 3200 3200
8000 8000 3200 3200
8000 8000 3200 3200
8000 8000 3200 3200
8000 8000 3200 3200
2176495120 3078535480 1049910800 902867840
1907742560 2459261360 1045984040 604115640
153608800 420396440 21281160 132326040
84120 56560 47880 7080
353760 329720 314120 14000
8000 8000 3200 3200
8000 8000 3200 3200
329800 329800 314200 14000
354760 329720 14000 314120
523760 8000 3200 3200
8000 8000 3200 3200
187080 187080 14880 170600
1156400 1104600 375080 727920
274279120 203597440 110531680 93064160
2276560 2276560 1379120 895840
136710800 101689440 51192280 50495560
12480 10240 3200 5440
265013160 280006240 143105240 68154600
314614400 404851320 157519280 115045960
46834280 36796240 19904280 15021080
214476120 153928920 80764680 73162640
8000 8000 3200 3200
114640320 221922320 94282360 20356360
229790360 430780960 128436160 101276800
147091080 108933920 70910880 38016960
8000 8000 3200 3200
147383640 109169120 52356920 56810600
12480 10240 5440 3200
152102400 109191000 57213200 51976200
194840 8000 3200 3200
81383480 157457680 66847120 14535960
162352800 304802360 90652680 71697320
8000 8000 3200 3200
245560 33160 7160 24400
8000 8000 3200 3200
8000 8000 3200 3200
434840 434840 196520 236720
10240 10240 3200 5440
791560 650920 369400 279920
570560 429920 176240 252080
15873520 12423600 4637720 7784280
23680 19200 5440 12160
32080 32080 7080 23400
84120 56560 47880 7080
32040 8000 3200 3200
607160 8000 3200 3200
8000 8000 3200 3200
1067720 8000 3200 3200
745960 460840 3200 456040
2935240 3129480 2137760 795880
2440320 2328080 1350600 975880
3848240 3623760 1531840 2090320
2257200 2257200 666680 1588920
1986600 1986600 476320 1508680
409080 409080 149480 258000
378840 378840 371800 5440
603320 603320 340000 261720
635720 635720 259560 374560
1128720 1128720 554400 572720
344800 344800 115440 227760
8000 8000 3200 3200
11009600 8229120 3300440 4994320
2309670080 3280565400 1143082560 901445280
570217520 864753760 305525520 210520080
34280 10240 3200 4240
8000 8000 3200 3200
8000 8000 3200 3200
8000 8000 3200 3200
33040 8000 3200 3200
8000 8000 3200 3200
613541320 836941640 345141440 196828680
534833880 840966080 256565640 228329600
976453700 1293685260 473659080 384701600
467102820 636477900 288458920 121617480
164342840 210221320 60790440 82002320
12480 12480 5440 5440
8000 8000 3200 3200
8000 8000 3200 3200
78064880 212731160 14293280 63770000
39216520 106759480 7185800 32029120
8000 8000 3200 3200
8000 8000 3200 3200
32080 32080 7080 23400
84120 56560 47880 7080
32040 8000 3200 3200
8000 8000 3200 3200
8000 8000 3200 3200
8000 8000 3200 3200
650640 303600 148760 153240
311880 311880 3200 307080
935480 935480 615760 318120
307920 160200 150920 7680
627040 627040 313840 311600
638000 33160 7160 24400
189840 42120 3200 37320
627160 155720 148680 5440
155720 155720 148680 5440
157960 157960 148680 7680
180200 180200 168680 9920
8000 8000 3200 3200
8000 8000 3200 3200
8000 8000 3200 3200
32080 32080 7080 23400
56560 56560 47880 7080
355040 303440 7680 294160
166240 166240 7680 156960
159720 159720 5440 152680
8000 8000 3200 3200
8000 8000 3200 3200
8000 8000 3200 3200
8000 8000 3200 3200
8000 8000 3200 3200
8000 8000 3200 3200
33080 33080 3200 28280
8000 8000 3200 3200
8000 8000 3200 3200
8000 8000 3200 3200
237725200 469754460 117862760 119866160
71889520 159080280 30833840 41048760
8000 8000 3200 3200
8000 8000 3200 3200
33120 8000 3200 3200
32080 32080 7080 23400
56560 56560 47880 7080
59600 8000 3200 3200
8000 8000 3200 3200
8000 8000 3200 3200
8000 8000 3200 3200
33040 8000 3200 3200
8000 8000 3200 3200
8000 8000 3200 3200
8000 8000 3200 3200
46080 33080 24320 7160
8000 8000 3200 3200
8000 8000 3200 3200
8000 8000 3200 3200
8000 8000 3200 3200
8000 8000 3200 3200
8000 8000 3200 3200
39445840 107409520 7242640 32201600
8000 8000 3200 3200
8000 8000 3200 3200
32080 32080 7080 23400
82400 83600 45640 37400
67960 15160 5440 7080
39388840 107250960 7218600 32168640
8000 8000 3200 3200
8000 8000 3200 3200
8000 8000 3200 3200
8000 8000 3200 3200
8000 8000 3200 3200
8000 8000 3200 3200
8000 8000 3200 3200
33160 33160 7160 24400
8000 8000 3200 3200
8000 8000 3200 3200
8000 8000 3200 3200
8000 8000 3200 3200
8000 8000 3200 3200
13536440 10831040 3491120 7338320
1023095880 1028143240 435997560 386122160
28160 21440 9920 9920
32080 32080 7080 23400
8000 8000 3200 3200
108160 56560 47880 7080
8000 8000 3200 3200
8000 8000 3200 3200
8000 8000 3200 3200
8000 8000 3200 3200
8000 8000 3200 3200
8000 8000 3200 3200
71000 8000 3200 3200
400499120 453384040 166784720 163168600
150236280 125889760 64834360 50380560
136543160 101525520 51158160 50365760
10240 10240 3200 5440
235251520 164832160 91061960 73768600
108447320 173798360 56696800 51748920
136555600 101535840 51221320 50312920
186355000 238823800 83746880 86353120
441147200 314711920 173869520 140840800
115299040 215598900 47231760 68040560
231661960 176271720 91273160 84996960
114702800 215095360 67347120 47354080
108160 56560 47880 7080
214972960 154227800 80893360 73332840
294448240 218158400 123412040 94744760
53600 51360 7680 44320
81056960 152131840 33371320 47656760
152354560 109336600 57204320 52130680
46600 44360 35080 7680
81332200 152509440 47785440 33545160
152212960 108807560 56946960 51859000
321440 319200 3200 314400
8000 8000 3200 3200
8000 8000 3200 3200
8000 8000 3200 3200
276000 276000 54880 219520
8000 8000 3200 3200
8000 8000 3200 3200
1501440 1126400 457920 666880
11734720 9387440 3182120 6203720
41520 41520 16520 23400
307400 157720 5440 150680
1628520 982080 958120 22360
1832880 1832880 1211200 620080
9308080 7205800 2571720 4632480
6368440 5199480 2317280 2494640
473040 489400 166080 214200
23400 8000 3200 3200
8000 8000 3200 3200
55760 8000 3200 3200
25760 8000 3200 3200
35400 33160 7160 24400
8000 8000 3200 3200
8000 8000 3200 3200
8000 8000 3200 3200
8000 8000 3200 3200
8000 8000 3200 3200
8000 8000 3200 3200
195680 115200 72600 41000
106600 31040 20120 9320
19000 10240 5440 3200
8000 8000 3200 3200
8000 8000 3200 3200
8000 8000 3200 3200
8000 8000 3200 3200
8000 8000 3200 3200
8000 8000 3200 3200
8000 8000 3200 3200
8000 8000 3200 3200
8000 8000 3200 3200
8000 8000 3200 3200
33080 33080 3200 28280
8000 8000 3200 3200
8000 8000 3200 3200
8000 8000 3200 3200
8000 8000 3200 3200
8000 8000 3200 3200
8000 8000 3200 3200
90480 72280 39480 31200
319080 167960 89520 76840
74520 52400 28280 22520
18494160 9313600 9257160 54840
45940920 45856480 45763320 91560
8694800 8668120 8661080 5440
109440 81600 50960 29040
13880 13880 5440 6840
33040 8000 3200 3200
8000 8000 3200 3200
8000 8000 3200 3200
8000 8000 3200 3200
33080 33080 24320 7160
8000 8000 3200 3200
8000 8000 3200 3200
8000 8000 3200 3200
8000 8000 3200 3200
8000 8000 3200 3200
8000 8000 3200 3200
8000 8000 3200 3200
100400 69680 37960 30120
70240 39200 30520 7080
8000 8000 3200 3200
8000 8000 3200 3200
8000 8000 3200 3200
8000 8000 3200 3200
8000 8000 3200 3200
8000 8000 3200 3200
8000 8000 3200 3200
8000 8000 3200 3200
8000 8000 3200 3200
8000 8000 3200 3200
8000 8000 3200 3200
33160 33160 7160 24400
8000 8000 3200 3200
8000 8000 3200 3200
8000 8000 3200 3200
8000 8000 3200 3200
8000 8000 3200 3200
8000 8000 3200 3200
62320 44200 25680 16920
44400 26240 17120 7520
8000 8000 3200 3200
8000 8000 3200 3200
8000 8000 3200 3200
8000 8000 3200 3200
8000 8000 3200 3200
8000 8000 3200 3200
8000 8000 3200 3200
8000 8000 3200 3200
8000 8000 3200 3200
